26.5063
2.68347
20.5422
2.39616
21.7914
2.39969
-16.8906
41.0599
1.90388
15.8374
-2.23784
8.58594
3.80658
-0.424819
12.3181
4.18102
-0.374739
5.10523
-4.82973
2.72496
-5.88282
0.336509
6.35866
-20.0388
-46.0436
-69.6356
92.9009
-70.1965
94.2381
22.1703
62.1438
-37.9839
3.04802
59.1688
15.5632
-10.3586
3.23693
-14.7074
-6.58901
-21.0747
18.2359
-39.0103
-29.146
6.76374
11.4725
-18.3357
11.1114
-69.5654
-100.239
-123.627
147.011
-124.426
147.623
12.1823
80.9887
104.022
3.03941
78.5935
52.7107
-11.3866
-26.1747
-0.236787
-25.666
-31.253
24.9251
-54.9059
-38.3755
-21.1606
-26.3702
4.16691
-111.559
-109.305
-155.336
-178.573
202.546
-179.462
201.592
177.918
-146.42
-178.369
7.92226
198.665
168.917
6.78181
-147.668
-41.7158
178.675
-70.1906
44.3915
-136.111
-69.5481
-10.9277
-53.8621
-12.5031
-201.119
-201.973
-247.304
-270.206
294.378
-271.443
296.089
269.265
-210.633
265.619
9.12478
239.54
208.454
8.53911
188.76
18.7752
151.667
-66.1212
40.7248
-125.297
-65.3166
-10.1351
-78.4108
-24.4114
36.955
-152.938
-209.479
-232.46
256.106
-233.617
253.087
233.997
209.877
-185.474
6.65633
205.13
175.101
5.72796
150.191
-31.3132
-24.5238
-66.298
40.9287
-125.943
-66.3127
-30.0576
-56.5491
-67.1897
25.4682
-175.669
-218.697
-241.662
265.372
-242.721
261.595
243.307
146.301
199.965
4.40897
174.147
145.06
-50.6099
-94.588
-72.6238
-75.9946
-84.1241
36.1628
-180.072
-86.2887
-118.402
-83.7446
-63.031
-246.11
-218.288
-289.695
-312.482
336.503
313.505
-252.593
-307.836
-316.135
-357.208
12.7512
375.975
340.268
-126.26
319.759
-108.996
321.898
-106.978
60.9322
-301.267
-135.611
-186.724
-92.4879
-106.791
-366.672
-350.882
-412.993
-435.369
460.076
436.698
-380.051
-436.152
-392.368
476.81
15.389
449.935
411.769
-154.326
361.26
-185.456
369.929
-180.348
77.5228
-383.787
-169.527
-232.986
-435.171
-14.9019
88.5694
-371.098
-477.166
-499.333
524.243
501.237
-447.27
166.135
492.281
-467.222
16.0531
485.182
445.731
124.936
156.691
-198.299
-79.2425
-155.879
311.359
35.9362
-184.307
-54.5535
-442.249
-120.67
62.6378
-424.309
-494.21
-516.37
541.529
518.232
-457.853
54.4564
346.13
494.387
14.6103
467.512
428.606
119.265
-281.262
-8.53206
-201.27
-209.899
315.127
36.03
-187.238
-55.6723
-451.667
14.9488
-475.6
-405.766
-518.775
-540.933
566.145
542.799
-443.754
536.895
-488.302
-537.817
18.231
555.7
513.997
145.35
-54.4225
-123.731
507.067
-173.573
343.803
38.6866
-204.893
-61.7603
-493.832
-34.2451
-519.297
-489.075
-565.617
-587.631
612.584
589.963
-480.168
583.443
-481.118
579.224
17.7008
552.076
510.546
-198.048
-95.9541
58.0329
-102.06
-190.307
-157.346
-177.204
-201.79
-115.948
-562.816
-80.1161
114.013
-476.855
-604.786
-626.762
652.055
626.468
-271.237
615.943
592.306
-566.972
18.6448
584.893
435.676
-223.512
183.119
-126.39
-48.8754
-16.87
-165.166
-185.768
-209.909
-121.809
-585.67
-219.741
83.0103
-554.03
-636.484
-658.416
683.958
658.341
-305.31
648.556
422.847
604.432
17.8736
577.275
429.07
-220.968
179.672
-249.385
-127.354
-201.881
-168.574
-189.471
-213.43
-124.426
-595.45
-169.801
-626.307
-530.576
-669.135
-691.054
716.697
691.052
423.786
-646.85
-643.664
-700.194
23.8071
717.445
537.645
147.55
653.322
-224.289
69.2917
-19.9784
-266.685
-360.565
-71.1777
-135.741
-687.222
-217.294
-718.309
-670.127
-764.573
-786.235
812.143
786.343
766.432
-742.014
-656.707
781.532
25.1843
753.771
-67.2134
-316.803
-329.962
-355.753
-154.398
-278.039
-317.861
-428.62
-83.3826
-282.707
-262.755
-34.2399
162.085
-670.501
-839.191
-860.698
887.195
861.268
839.521
277.548
808.193
-782.393
26.5697
799.596
-71.961
-336.46
107.609
-366.807
-73.032
-24.1195
-326.941
-440.594
-86.217
-290.61
107.188
-221.358
114.777
-755.845
-858.508
-879.974
906.724
880.761
854.093
94.3747
565.724
812.383
25.1302
784.581
-70.9212
-59.4743
-520.393
-17.7058
-183.571
162.617
245.464
458.376
-328.435
-344.393
-203.931
19.1691
-792.137
-667.637
-834.644
-856.248
882.925
859.46
825.29
808.846
-748.621
-809.001
26.5923
826.524
779.142
-361.499
-775.841
-200.688
84.1842
-113.258
257.818
480.865
-345.165
-353.598
-238.22
-60.2512
-831.949
-774.162
-878.156
-899.613
926.547
903.101
879.984
852.088
-714.607
847.511
25.7062
819.609
772.503
-358.893
772.868
86.833
-155.096
155.815
238.741
442.987
-319.213
-326.644
-335.037
-110.695
150.512
-630.879
-789.1
-810.834
837.265
813.739
780.853
765.693
742.143
-716.479
21.0631
734.671
690.176
-321.246
670.007
-160.795
-65.0494
-98.0865
472.519
-140.074
-214.933
-258.931
-219.238
-257.708
94.9323
-640.229
-729.26
-751.227
777.392
752.794
720.563
706.077
465.268
662.507
15.8927
635.375
258.438
-275.371
-433.705
-294.416
-152.573
128.437
440.084
-131.199
-201.875
-257.161
-241.608
-184.943
-665.375
-565.4
-707.961
731.639
-602.524
446.21
-630.393
-725.831
-723.017
-780.946
22.6664
799.523
327.165
-348.294
729.552
-265.538
76.0813
-109.225
523.985
-156.573
-239.382
-306.171
-209.71
-242.137
-784.821
-732.923
-830.801
854.348
-707.437
521.596
-776.747
-860.527
-762.116
901.681
25.4501
873.625
358.591
-381.363
749.421
-395.828
-173.614
170.622
577.126
-172.853
-263.498
-337.464
-845.906
-40.6727
170.114
-714.747
-889.059
912.547
-757.39
506.823
-847.295
316.823
912.118
-885.972
26.1226
904.953
438.65
-352.428
308.187
-410.368
-84.7749
-126.285
608.41
-182.699
-278.08
-197.182
-885.164
-247.171
124.432
-832.174
-939.475
961.599
-819.286
424.875
-887.639
113.715
663.179
952.208
26.2657
923.978
448.249
-360.431
-618.098
-25.2974
-217.829
185.249
627.468
-188.839
-287.353
-203.711
-919.281
20.5683
-944.154
-795.347
-986.28
1008.31
-860.344
445.743
-861.635
1017.81
-948.496
-1015.45
30.8406
1034.55
503.23
-404.074
-120.56
-251.457
100.965
-144.07
697.598
-210.3
-318.725
-226.573
-1021.18
-78.2199
-1047.12
-972.015
-1093.23
1115
-953.816
564.373
-945.131
1123.36
-949.812
1118.48
32.9128
1089.6
-99.3911
-457.177
-211.524
124.192
-223.743
219.666
739.235
-223.864
-337.956
-258.908
-1084.11
-162.854
218.345
-911.298
-1125.93
1150.46
-234.593
-1118.78
-528.421
1166.01
1143.09
-1116.42
34.5559
1136.06
-104.577
-409.023
362.727
-263.57
-109.361
-159.309
769.757
-234.602
-352.604
-271.015
-1129.9
-426.31
159.726
-1052.89
-1180.62
1205.66
-247.009
-1172.71
-590.281
1221.76
820.885
1180.74
34.8492
1151.71
-107.174
-415.197
363.877
-523.5
-274.193
231.274
779.844
-239.076
-358.276
-275.96
-1146.75
-331.971
-1178.26
-990.371
-1219.98
1245.46
-256.216
-1211.47
800.997
-1218.12
-1202.48
-1279.33
41.1715
1298.98
-32.5836
-191.15
1248.46
-438.547
122.724
-178.19
863.874
-264.645
-395.637
-410.998
-1270.04
-406.262
-1301.49
-1205.07
-1347.66
1357.82
-703.416
-1361.04
1387.5
-1362.85
-1199.08
1405.54
44.3744
1375.67
-34.9554
-586.058
-609.457
-650.095
-288.735
282.843
945.348
-289.896
-1370.63
88.0428
-456.408
-68.7248
279.896
-1156.02
-1420.81
1430.41
-741.996
-1434.21
1458.23
498.233
1427.57
-1400.34
45.9189
1420.07
-36.678
-605.286
202.043
-657.053
-139.063
-199.129
969.731
-297.853
-1406.6
90.078
178.42
-390.136
200.131
-1303.06
-1454.92
1464.36
-760.076
-1468.33
1484.25
175.656
1005.95
1449.81
45.3142
1419.8
-296.563
-512.171
-964.586
-36.8536
-343.056
290.423
973.237
-300.054
-1412.73
-331.93
-379.565
29.1671
-1454.52
-1218.54
-1495.86
1521.18
-379.973
-1502.19
1507.02
1505.14
-1414.47
-1499.81
49.6394
1519.51
-318.018
72.0354
-1472.62
-374.841
147.155
-214.278
1043.47
-321.851
-1521.3
-110.428
-449.98
-119.431
-1554.01
-1435.35
-1600.3
1625.6
-406.411
-1606.65
1633.48
1609.46
-1371.68
1603.94
51.8058
1573.33
-329.964
75.2235
1532.77
180.465
-320.583
310.991
1041.07
-322.277
-1518.85
-111.206
-679.992
-232.871
311.22
-1282.23
-1572.17
1597.76
-400.439
-1578.51
1592.94
1579.06
1556.57
-1529.09
50.2151
1549.12
-325.841
73.8181
1468.04
-355.361
-151.427
-214.267
1033.42
-321.175
-1508.73
-279.617
-482.158
-573.968
217.427
-1409.31
-1570.41
1590.66
-435.105
-1576.94
1589.41
1578.37
1068.78
1538.54
47.871
1508.18
-318.287
-563.583
-1065.16
-698.518
-369.542
309.116
1039.1
-323.901
-1512.61
-876.172
-572.822
-446.728
-1572.3
-1317.34
-1613.4
1633.84
-447.453
1619.03
-1417.58
-1595.83
-1571.44
-1662.5
55.3898
1682.67
-354.615
-628.352
1569.12
-575.407
157.148
-233.556
1129.77
-351.811
-1644.99
-951.283
-454.281
-534.989
-1700.37
-1569.92
-1746.57
1766.82
-483.943
1752.1
-1613.16
-1754.35
-1540.77
1798.42
58.9186
1767.1
-372.88
-659.581
1551.22
-820.933
-368.188
355.84
1189.69
-370.627
-1732.8
-1001.41
-1768.16
-91.4345
361.65
-1484.13
-1815.14
1843.73
-542.127
1822.13
-1707.24
636.446
1815.35
-1787.19
60.2977
1807.8
-381.862
519.955
618.089
-828.774
-179.337
-251.389
-251.894
